[6, 4, 1, 5]
[8, 0, 1, 3]
[6, 7, 2, 4]
[5, 7, 1, 3]
[3, 0, 1, 2]
[2, 5, 1, 0]
[0, 4, 2, 1]
[7, 1, 5, 8]
[1, 7, 5, 4]
[5, 6, 4, 3]
[3, 8, 5, 6]
[6, 1, 2, 8]
[5, 3, 7, 8]
[6, 3, 1, 0]
[3, 2, 7, 6]
[1, 4, 6, 7]
[6, 2, 7, 0]
[5, 2, 7, 4]
[5, 3, 0, 8]
[2, 8, 1, 5]
[8, 4, 0, 6]
[7, 4, 8, 5]
[1, 0, 3, 4]
[1, 8, 4, 2]
[5, 2, 8, 1]
[6, 8, 3, 7]
[7, 4, 8, 0]
[1, 4, 2, 7]
[1, 3, 0, 7]
[3, 7, 6, 5]
[1, 8, 2, 4]
[6, 2, 0, 7]
[4, 7, 5, 8]
[6, 8, 2, 7]
[2, 4, 6, 5]
[1, 4, 6, 0]
[8, 3, 5, 6]
[0, 5, 2, 4]
[0, 6, 3, 2]
[4, 6, 8, 7]
