[7, 6, 2, 3]
[6, 8, 4, 3]
[3, 8, 6, 7]
[6, 1, 0, 3]
[8, 7, 1, 3]
[5, 0, 1, 2]
[6, 4, 0, 3]
[7, 6, 3, 0]
[4, 2, 7, 0]
[6, 7, 1, 3]
[3, 0, 1, 6]
[1, 4, 3, 8]
[1, 2, 6, 7]
[0, 7, 2, 5]
[6, 2, 0, 4]
[0, 7, 8, 3]
[1, 6, 8, 7]
[3, 6, 1, 2]
[1, 2, 3, 7]
[6, 3, 7, 0]
[1, 8, 6, 5]
[7, 5, 6, 0]
[0, 5, 1, 2]
[5, 2, 6, 3]
[7, 0, 1, 2]
[7, 6, 5, 1]
[3, 8, 2, 1]
[8, 0, 7, 5]
[8, 4, 6, 1]
[6, 1, 8, 4]
[3, 1, 2, 5]
[7, 8, 6, 2]
[7, 8, 1, 4]
[1, 0, 4, 6]
[5, 3, 4, 0]
[7, 3, 0, 8]
[3, 6, 0, 8]
[4, 7, 5, 6]
[7, 4, 3, 8]
[1, 2, 8, 7]
