[7, 0, 1, 6]
[1, 8, 5, 7]
[3, 5, 2, 7]
[7, 6, 3, 8]
[2, 8, 4, 6]
[6, 3, 5, 4]
[3, 2, 6, 0]
[4, 2, 5, 3]
[2, 7, 4, 3]
[3, 6, 1, 8]
[1, 2, 0, 8]
[2, 0, 5, 6]
[4, 0, 3, 2]
[1, 4, 6, 7]
[6, 2, 8, 1]
[8, 3, 2, 0]
[2, 1, 7, 3]
[1, 0, 6, 7]
[8, 3, 4, 1]
[2, 4, 8, 7]
[7, 2, 4, 8]
[3, 7, 5, 2]
[3, 7, 2, 1]
[8, 4, 6, 7]
[0, 7, 8, 4]
[4, 1, 8, 6]
[2, 3, 7, 4]
[6, 3, 1, 4]
[3, 6, 2, 7]
[4, 0, 2, 7]
[5, 0, 3, 7]
[8, 4, 6, 3]
[7, 5, 2, 4]
[3, 0, 4, 2]
[1, 8, 2, 3]
[8, 4, 3, 5]
[1, 4, 2, 6]
[5, 8, 7, 6]
[1, 0, 6, 2]
[3, 8, 2, 1]
