[7, 0, 5, 8]
[2, 3, 5, 6]
[5, 6, 0, 1]
[8, 1, 0, 4]
[0, 4, 2, 8]
[0, 8, 4, 3]
[0, 2, 6, 5]
[3, 5, 7, 6]
[6, 7, 2, 1]
[4, 6, 1, 5]
[1, 8, 6, 5]
[2, 0, 3, 5]
[5, 0, 6, 7]
[8, 5, 7, 3]
[1, 2, 7, 5]
[4, 1, 2, 3]
[3, 2, 4, 0]
[0, 5, 4, 2]
[7, 5, 1, 4]
[1, 5, 3, 7]
[2, 8, 1, 4]
[1, 6, 8, 4]
[8, 1, 3, 2]
[0, 4, 7, 5]
[8, 2, 6, 1]
[0, 2, 5, 8]
[4, 8, 0, 2]
[1, 0, 2, 4]
[4, 0, 7, 8]
[5, 2, 4, 8]
[1, 5, 0, 3]
[6, 3, 8, 4]
[5, 2, 7, 1]
[6, 7, 4, 3]
[2, 3, 1, 5]
[5, 1, 2, 8]
[0, 1, 4, 2]
[5, 1, 4, 6]
[4, 5, 2, 7]
[3, 0, 8, 4]
